Nested Sampling Global Log-Evidence           :    0.627426524671932668E+02  +/-    0.132615646706213702E+00

Local Mode Properties
-------------------------------------------

Total Modes Found:           3


Mode   1
Strictly Local Log-Evidence    0.611443604060677046E+02 +/-    0.351035842715937241E+00
Local Log-Evidence    0.611454169141558737E+02 +/-    0.139548492398415380E+00

Dim No.       Mean        Sigma
   1    0.124021550304020309E+10                         NaN
   2    0.187032239110537631E+03    0.262402210602555002E+02
   3    0.196785732567468750E-01    0.109256778921943860E-01
   4    0.212208600156119746E-01    0.112971071225859733E-01
   5    0.144669916558745171E+01    0.462002204220340829E+00
   6    0.142398924357134193E+01    0.477826803594974092E+00
   7    0.312181430899300505E+01    0.172611337555652344E+01
   8    0.323852389502511961E+01    0.175792229397145849E+01
   9    0.415780846680268712E+00    0.116205245838287119E+00
  10    0.420962438501876512E+01    0.116416838140729229E+00
  11    0.591807172736642295E+00    0.218759473120869269E+00
  12    0.150046529203785606E+01    0.922334994210403769E+00
  13    0.322795996732644497E+01    0.173131197557806127E+01
  14    0.148662738777141801E+01    0.130967405216453472E-03
  15    0.879467088553086085E+00    0.647020184462188813E-01

Maximum Likelihood Parameters
Dim No.        Parameter
   1    0.124021550304036665E+10
   2    0.148151767774155786E+03
   3    0.925540140381699017E-02
   4    0.214583019932029322E-01
   5    0.184891629508021915E+01
   6    0.595047505247945585E+00
   7    0.285174850096892518E+01
   8    0.437395099756559613E+01
   9    0.479791064788492982E+00
  10    0.414171815283539146E+01
  11    0.862099721842091937E+00
  12    0.228493103751234494E+00
  13    0.622603453170233845E+01
  14    0.148670092447982105E+01
  15    0.828708647508452856E+00

MAP Parameters
Dim No.        Parameter
   1    0.124021550304036665E+10
   2    0.148151767774155786E+03
   3    0.925540140381699017E-02
   4    0.214583019932029322E-01
   5    0.184891629508021915E+01
   6    0.595047505247945585E+00
   7    0.285174850096892518E+01
   8    0.437395099756559613E+01
   9    0.479791064788492982E+00
  10    0.414171815283539146E+01
  11    0.862099721842091937E+00
  12    0.228493103751234494E+00
  13    0.622603453170233845E+01
  14    0.148670092447982105E+01
  15    0.828708647508452856E+00


Mode   2
Strictly Local Log-Evidence    0.602241335515650391E+02 +/-    0.262923288384694864E+00
Local Log-Evidence    0.602285619228097531E+02 +/-    0.135011738829956096E+00

Dim No.       Mean        Sigma
   1    0.124021550303913808E+10    0.277128129211020351E+02
   2    0.178453145222765670E+03    0.282907631816952438E+02
   3    0.234413001287191135E-01    0.116288067321619719E-01
   4    0.224965297242927485E-01    0.109722901807437941E-01
   5    0.131756413000507044E+01    0.428653236751401212E+00
   6    0.136350044238435975E+01    0.486620631468123011E+00
   7    0.293060112382206039E+01    0.181411637990472019E+01
   8    0.334180267125205566E+01    0.181554519983200602E+01
   9    0.619699047415375959E+00    0.230050422658639064E+00
  10    0.404721815441624067E+01    0.259809818847605178E+00
  11    0.254507473867725720E+01    0.211804458735977919E+00
  12    0.147880963156164569E+01    0.947044646161542047E+00
  13    0.245783074081977615E+01    0.181405785705998257E+01
  14    0.148665813897358401E+01    0.141382774943250340E-03
  15    0.871671371198181277E+00    0.700736266525890383E-01

Maximum Likelihood Parameters
Dim No.        Parameter
   1    0.124021550303880239E+10
   2    0.175716527516100257E+03
   3    0.184438797205311450E-01
   4    0.140419083036334384E-01
   5    0.143558690202178574E+01
   6    0.495325648194802126E+00
   7    0.560755185755259156E+01
   8    0.615608798459701134E+01
   9    0.800023798456316659E+00
  10    0.390207390677663124E+01
  11    0.259984168675988947E+01
  12    0.128321176787319580E+01
  13    0.221820560416599344E+01
  14    0.148660711441212712E+01
  15    0.794723732775905800E+00

MAP Parameters
Dim No.        Parameter
   1    0.124021550303880239E+10
   2    0.175716527516100257E+03
   3    0.184438797205311450E-01
   4    0.140419083036334384E-01
   5    0.143558690202178574E+01
   6    0.495325648194802126E+00
   7    0.560755185755259156E+01
   8    0.615608798459701134E+01
   9    0.800023798456316659E+00
  10    0.390207390677663124E+01
  11    0.259984168675988947E+01
  12    0.128321176787319580E+01
  13    0.221820560416599344E+01
  14    0.148660711441212712E+01
  15    0.794723732775905800E+00


Mode   3
Strictly Local Log-Evidence    0.624094262834546143E+02 +/-    0.176693406447044232E+00
Local Log-Evidence    0.624094262834546143E+02 +/-    0.134234486454454294E+00

Dim No.       Mean        Sigma
   1    0.124021550299870324E+10    0.800000000000000000E+02
   2    0.188153789485399301E+03    0.280796858120058808E+02
   3    0.234229950824971118E-01    0.118007566163406095E-01
   4    0.224243634564305419E-01    0.120508038498643825E-01
   5    0.134635797016466419E+01    0.458824561422271349E+00
   6    0.141133532579898402E+01    0.496134993456544438E+00
   7    0.316359017219466532E+01    0.182617769159013177E+01
   8    0.324887664894209038E+01    0.184632992653906514E+01
   9   -0.415138196168323814E+00    0.142921424594769197E+00
  10    0.121738681191964404E+01    0.133721404181229714E+00
  11    0.666795055224074340E+00    0.468513016567555451E+00
  12    0.164145947915863233E+01    0.910204530417681568E+00
  13    0.309624878746728660E+01    0.186831117544447634E+01
  14    0.148664573831740965E+01    0.146744763701232763E-03
  15    0.870162394711345488E+00    0.693645929739103717E-01

Maximum Likelihood Parameters
Dim No.        Parameter
   1    0.124021550299894834E+10
   2    0.135659385811057376E+03
   3    0.322524846088824771E-01
   4    0.172220591987011437E-01
   5    0.131869400957318028E+01
   6    0.178851025839581945E+01
   7    0.178586389387915573E+00
   8    0.106519853170996703E+01
   9   -0.316371647004518031E+00
  10    0.134068660899937675E+01
  11    0.996166693846183060E+00
  12    0.203372712776342635E+01
  13    0.502845108394723805E+01
  14    0.148670072435749234E+01
  15    0.962078139788639097E+00

MAP Parameters
Dim No.        Parameter
   1    0.124021550299894834E+10
   2    0.135659385811057376E+03
   3    0.322524846088824771E-01
   4    0.172220591987011437E-01
   5    0.131869400957318028E+01
   6    0.178851025839581945E+01
   7    0.178586389387915573E+00
   8    0.106519853170996703E+01
   9   -0.316371647004518031E+00
  10    0.134068660899937675E+01
  11    0.996166693846183060E+00
  12    0.203372712776342635E+01
  13    0.502845108394723805E+01
  14    0.148670072435749234E+01
  15    0.962078139788639097E+00
